Where am i request:
P1: 02 04 01 00 2b 01 11 81 54 33 fa 83 c7 00 00 be 42 33 6c 80 46 00 00 01 
P2: 02 04 01 00 2b 01 11 81 54 53 5d 84 c7 00 00 be 42 3e 66 7e 46 00 00 01 
P3: 02 04 01 00 29 01 11 81 54 33 49 84 c7 00 00 be 42 00 a4 7f 46 00 00 01 
P4: 02 04 01 00 2a 01 11 81 54 33 49 84 c7 00 00 be 42 00 a4 7f 46 00 00 01 
P5: 02 04 01 00 2b 01 11 81 54 33 49 84 c7 00 00 be 42 00 a4 7f 46 00 00 01 

Where am i answer :
P1: 02 04 01 01 5c 01 11 81 54 33 fa 83 c7 00 00 be 42 33 6c 80 46 07 01 00 
P2: 02 04 01 03 9d 01 11 81 54 72 63 84 c7 00 00 be 42 c1 43 7e 46 07 01 00
P3: 02 04 01 01 73 01 11 81 54 33 49 84 c7 00 00 be 42 00 a4 7f 46 07 01 00 
P4: 02 04 01 01 74 01 11 81 54 33 49 84 c7 00 00 be 42 00 a4 7f 46 07 01 00 
P5: 02 04 01 01 75 01 11 81 54 33 49 84 c7 00 00 be 42 00 a4 7f 46 07 01 00 